	attendance	away_team_errors	away_team_hits	away_team_runs	home_team_errors	home_team_hits	home_team_runs	temperature	wind_speed	total_runs	game_hours_dec	home_team_win	home_team_loss	Capacity	Home_Team_WP	Away_Team_WP	Distance_to_CF	Packed_Ratio	WinPerc_Diff	field_type_n	game_type_n	sky_Cloudy	sky_Drizzle	sky_In Dome	sky_Night	sky_Overcast	sky_Rain	sky_Sunny	sky_Unknown	DofWeek_Friday	DofWeek_Monday	DofWeek_Saturday	DofWeek_Sunday	DofWeek_Thursday	DofWeek_Tuesday	DofWeek_Wednesday
attendance	1.0	0.014736624008892505	-0.06881980905687941	-0.05990655222446246	-0.02436771054386481	0.011102770816172213	0.020807215458873138	0.017333704796980366	0.17345220718916707	-0.027825654602090424	0.07334058511289056	0.05652746841516801	-0.05493467840406309	0.4113348447416755	0.3696915008267715	0.07770352556302362	-0.1192962454524781	0.9331569869599154	0.2005469150925821	-0.009516332737440318	-0.1131695936798228	0.045356995928726274	0.019009978526457933	-0.2627464717879092	0.13949255279621245	-0.04976289262701552	-0.02120513768047595	0.15223419185158574	-0.009839816099014354	0.0626871231721038	-0.12150481830343304	0.18954737637051894	0.09011934952426395	-0.054205797314453165	-0.1014989300557139	-0.0883829321516214
away_team_errors	0.014736624008892505	1.0	0.025047105112788442	0.016234430891380536	-0.014677994434754251	0.17120536167972059	0.2463646167109408	0.05868114144356858	0.030144099405461384	0.18144533900954013	0.10986346371057543	0.14576308228586707	-0.14657896813336865	-0.022615171041379552	0.0038027231025684976	-0.006895530279451358	0.007692235183532384	0.023348790911661838	0.00732397799595124	0.0033361239996483605	0.0605226155979687	-0.009154946147977154	-0.012652870282936395	0.0283481661090432	-0.027800631349543897	-0.009942602413149084	0.02553509330556693	0.007609776092132937	-0.010949423957164015	0.08805426105749768	-0.07132977600671069	-0.00847620806797199	0.022194572977776786	-0.03051800643910603	-0.0008448107228510942	-0.012432225166894384
away_team_hits	-0.06881980905687941	0.025047105112788442	1.0	0.7850263849194258	0.16595763738673783	0.10283376998971734	0.03347817386013423	0.050581247666034716	-0.006815165095595536	0.5757910630223794	0.4484509565960346	-0.4424993395614068	0.44450866561665264	-0.014538390236420862	-0.11175263467979878	-0.015174712341686714	0.05016857280488784	-0.0650273017060603	-0.06630853804404091	-0.02078052338443284	0.012776659560504739	0.010046548758159341	-0.02322845648059187	0.02836645922044449	-0.026852144440437445	0.00684170310450285	0.026962162336929968	-0.04904263307297806	0.026402937658183818	-0.011848945703522209	0.025305487349782507	-0.004327809328543673	-0.034838729982434695	0.039145551958131235	0.013351997258084227	-0.016054587576265537
away_team_runs	-0.05990655222446246	0.016234430891380536	0.7850263849194258	1.0	0.2667883415371209	0.08264459415650424	0.02891445512596009	0.053696540568641066	0.004682096928184677	0.7239910914242031	0.3663145503530184	-0.5683255366615241	0.569962268442339	0.015006406746385202	-0.11132750449167983	-0.006102836229509864	0.05614226439577865	-0.06516413192206401	-0.07221939987363563	-0.017489710438146764	-0.009708030279345178	-0.004472781308273062	0.03657858883816785	-0.003951787056007925	-0.016226827689289413	0.030009424983348687	0.03440038170983231	-0.045839778654180374	0.03858747377059789	0.003991502799686075	0.007127257579691666	-0.0023937790905801796	-0.021062267236406113	0.041930585047213635	0.0024313593780890034	-0.023418762202417013
home_team_errors	-0.02436771054386481	-0.014677994434754251	0.16595763738673783	0.2667883415371209	1.0	-0.04716365755193693	-0.02471798342824383	0.03644355897741796	0.019193620876654334	0.1707711129903073	0.12268209846209718	-0.17465804328495435	0.17577962389892268	-0.022941157571892516	-0.09640297803221506	-0.015945463642265564	-0.06439049196775055	-0.018973424133592095	-0.055248757212685864	-0.04479842843531621	-0.01676637643483654	0.005332755672209559	0.017812223928607623	-0.018317095365165903	0.02710206140620877	0.02160697044491589	-0.03516339471912344	-0.02247714184162499	0.017771929642850823	0.00548678079938082	-0.004965380053509332	0.009690268736896955	0.0358281130154096	-0.014674427949367505	-0.052318708161626835	0.014962501377400819
home_team_hits	0.011102770816172213	0.17120536167972059	0.10283376998971734	0.08264459415650424	-0.04716365755193693	1.0	0.7579114692914574	0.08934777063796645	0.057336583601320476	0.58121795754787	0.3350384173766145	0.3560785862018942	-0.35314908837708825	0.029673387317065782	0.024596378843830643	-0.114961316915046	0.07115523119227724	0.01004430996848585	0.0954786678432147	-0.04003819842875386	-0.013955460115058807	0.05309947777902779	-0.03735430811026797	-0.031008464386348793	-0.02978632572675479	-0.012948875801543028	0.00518233175925168	-0.002926558495714651	-0.011267421667149382	-0.016187522953457545	-0.02690893437353253	0.028831546351765158	-0.01598325272923424	-0.015462639228380402	-0.02668274820970391	0.06385882064425416
home_team_runs	0.020807215458873138	0.2463646167109408	0.03347817386013423	0.02891445512596009	-0.02471798342824383	0.7579114692914574	1.0	0.0821243604530255	0.07882345110474946	0.7104547127109189	0.1996176898241968	0.5378021892469141	-0.5361571843124471	0.032845695241041015	0.04490554733884109	-0.09205002067040512	0.06807475571552778	0.017800500257435476	0.09374984051650863	-0.004297527240347673	0.008982929221377306	0.006226680155484351	-0.027873749700247547	-0.035724456390360954	-0.02795828142365803	-0.002524950898833388	0.007740256416792659	0.031359463471867036	-0.00012674878553123385	0.004480429595889989	-0.02273031234882054	0.010559364040908494	-0.03153308038319139	0.004979809147020757	0.00043387604733175183	0.03128250022887593
temperature	0.017333704796980366	0.05868114144356858	0.050581247666034716	0.053696540568641066	0.03644355897741796	0.08934777063796645	0.0821243604530255	1.0	-0.08134228911524634	0.09447821204013225	0.021511161394781687	0.03187819970263754	-0.02973817734139021	0.05132682248152643	-0.0032228309722804787	-0.09158187549351274	0.05869459527681326	-0.001815709004669011	0.060404471147074736	-0.10955052385070757	-0.033770872384657674	0.16747554439043152	-0.14720634359626592	-0.0974551668568027	-0.07807283101379546	-0.14210078806548967	-0.07300970987944046	0.07532584999685377	-0.061681284131417526	-0.04322777291171724	-0.06670973560773295	-0.018728081003844033	0.019947796081552796	0.02971080333772635	0.029711450585401523	0.04480983330356996
wind_speed	0.17345220718916707	0.030144099405461384	-0.006815165095595536	0.004682096928184677	0.019193620876654334	0.057336583601320476	0.07882345110474946	-0.08134228911524634	1.0	0.057692265601759586	0.0288861807210602	0.0352715652527912	-0.03672106388487556	0.0013810457396475641	0.06008688190499239	-0.036752201096121685	-0.017516620122793453	0.2107777347057196	0.06635916730413487	-0.17531825246775048	0.01631159833509462	0.13207923082863574	0.03633449587080119	-0.590284429881503	0.015320723037280312	0.08362905845393279	0.013332904199852781	0.15754435808323214	0.11232201126806426	0.02244622703330443	-0.023871588157968915	0.05568193628973186	-0.04239058315594751	-0.001781443568622511	-1.6800901980793066e-05	-0.011490763282749587
total_runs	-0.027825654602090424	0.18144533900954013	0.5757910630223794	0.7239910914242031	0.1707711129903073	0.58121795754787	0.7104547127109189	0.09447821204013225	0.057692265601759586	1.0	0.39565484273400964	-0.028986230555493726	0.03127376514134505	0.03323181384151906	-0.0473894922906167	-0.06782014637408625	0.08650449067316188	-0.03360295308276892	0.013851413722953194	-0.015279122646424363	-0.0006357150929239623	0.0011480138171229269	0.0065170755132476915	-0.02743557627949795	-0.03071824188498549	0.019385290968683484	0.029560685815476957	-0.010631814865887733	0.02707955131388113	0.005902101673313528	-0.010668284770485249	0.005601684769293182	-0.03658953273467766	0.03295725100186635	0.0020111845933563806	0.0051003045790101505
game_hours_dec	0.07334058511289056	0.10986346371057543	0.4484509565960346	0.3663145503530184	0.12268209846209718	0.3350384173766145	0.1996176898241968	0.021511161394781687	0.0288861807210602	0.39565484273400964	1.0	-0.13539819050393234	0.14135737119702377	0.02331433094505235	0.015479899108076638	0.03848014831880106	0.019679221245340352	0.07107908822635206	-0.015687297645891184	-0.045182253410206895	-0.008299952971088912	0.02734617962522297	0.001487680415620735	-0.0068706395576849585	0.07951268675486152	-0.03138830031524685	0.041612914072270656	-0.01587029411717033	-0.013978151138561727	0.0182774329349575	0.028418594555663274	0.021094145541911576	-0.012482132952000504	-0.037385942618537955	-0.011045942320909477	-0.008882329842665548
home_team_win	0.05652746841516801	0.14576308228586707	-0.4424993395614068	-0.5683255366615241	-0.17465804328495435	0.3560785862018942	0.5378021892469141	0.03187819970263754	0.0352715652527912	-0.028986230555493726	-0.13539819050393234	1.0	-0.9985070783045714	0.04525581985218228	0.1045880631964055	-0.09002035701067758	-0.013936065858050111	0.041830552591962694	0.13331577187204266	0.004694008050559312	0.020864954888946956	0.006241786914805959	-0.0314687129949834	-0.03467821040376591	-0.004677158348312921	-0.006331775420673081	-0.018127718159163045	0.06302432819663914	-0.03991456388873704	0.005599071407427704	-0.00836534639522422	0.03126666848371996	-0.01959936043505212	-0.01930457824441999	-0.02637009679205087	0.031210586216487108
home_team_loss	-0.05493467840406309	-0.14657896813336865	0.44450866561665264	0.569962268442339	0.17577962389892268	-0.35314908837708825	-0.5361571843124471	-0.02973817734139021	-0.03672106388487556	0.03127376514134505	0.14135737119702377	-0.9985070783045714	1.0	-0.04392718580342011	-0.10408228611777429	0.08725738838278167	0.01514989923974264	-0.04047023929827159	-0.13107962729589695	-0.004294270846368227	-0.021844098353543406	-0.005219362393272044	0.03159367487227664	0.03526622367554516	0.004819249876610881	0.0004828106772813229	0.018199703107914314	-0.062041030272533416	0.04057651468026512	-0.004958583686434037	0.00890323454812762	-0.030639027847579683	0.02025619660241665	0.014950922838625764	0.02697622383331966	-0.03053604335448023
Capacity	0.4113348447416755	-0.022615171041379552	-0.014538390236420862	0.015006406746385202	-0.022941157571892516	0.029673387317065782	0.032845695241041015	0.05132682248152643	0.0013810457396475641	0.03323181384151906	0.02331433094505235	0.04525581985218228	-0.04392718580342011	1.0	0.10482609228342389	0.04124210656532789	-0.29463386963101135	0.0748681343334743	0.04373292015707464	-0.1306594982254511	-0.03532264246260601	-0.026173693517727865	-0.016579076978055038	-0.2499027626151209	0.021590187976227724	-0.0570803717409221	-0.018919160432740556	0.203954383876968	0.04647411820959148	-0.007777240700112082	0.02393263168795989	0.004048780782205871	0.0020221219204095025	-0.04000917372420635	0.002392135228928299	0.011784435471868778
Home_Team_WP	0.3696915008267715	0.0038027231025684976	-0.11175263467979878	-0.11132750449167983	-0.09640297803221506	0.024596378843830643	0.04490554733884109	-0.0032228309722804787	0.06008688190499239	-0.0473894922906167	0.015479899108076638	0.1045880631964055	-0.10408228611777429	0.10482609228342389	1.0	-0.06572822282621582	0.11923638076058403	0.3772899764395432	0.7311310551569576	-0.08218986285425661	-0.01836312902381895	-0.014742868759757104	-0.00903016085782154	-0.08941154082704703	0.08583123901121788	-0.02139845521290854	-0.041357528176706695	0.056120106055132034	0.03024639260319549	-0.004336347276715828	-0.0031492995151960984	0.009579308015709583	-0.009965529875126358	-0.014074919056475513	0.004430293094669477	0.014853211532498968
Away_Team_WP	0.07770352556302362	-0.006895530279451358	-0.015174712341686714	-0.006102836229509864	-0.015945463642265564	-0.114961316915046	-0.09205002067040512	-0.09158187549351274	-0.036752201096121685	-0.06782014637408625	0.03848014831880106	-0.09002035701067758	0.08725738838278167	0.04124210656532789	-0.06572822282621582	1.0	-0.02033510927912274	0.06513221912181548	-0.728817690859504	0.023959497779480844	-0.02903122081296132	-0.008151540861312909	0.04337395717760895	0.020327632125937176	0.11551010087260544	-0.00381904601051589	0.0013966974448036045	-0.014162049513819974	-0.027482765605923352	-0.007082665891577675	0.003980377950585329	-0.003016519193454126	-0.006048910781828483	-0.004836892084913787	0.012893520432319257	0.004268097552380179
Distance_to_CF	-0.1192962454524781	0.007692235183532384	0.05016857280488784	0.05614226439577865	-0.06439049196775055	0.07115523119227724	0.06807475571552778	0.05869459527681326	-0.017516620122793453	0.08650449067316188	0.019679221245340352	-0.013936065858050111	0.01514989923974264	-0.29463386963101135	0.11923638076058403	-0.02033510927912274	1.0	0.006547981909411816	0.09572243872914306	-0.09367271945002498	0.03037222361644422	0.0240588206905737	0.06347103468426374	0.09760384207430957	-0.006463830915561279	0.006295570485519787	0.03821189633983422	-0.14803174172558614	0.042896798461871555	0.010159118558565139	0.01746740488256734	-0.005334969401374631	-0.01616335583767779	0.008780963180514556	-0.012354365215670505	0.0005750297642575359
Packed_Ratio	0.9331569869599154	0.023348790911661838	-0.0650273017060603	-0.06516413192206401	-0.018973424133592095	0.01004430996848585	0.017800500257435476	-0.001815709004669011	0.2107777347057196	-0.03360295308276892	0.07107908822635206	0.041830552591962694	-0.04047023929827159	0.0748681343334743	0.3772899764395432	0.06513221912181548	0.006547981909411816	1.0	0.2143557080267935	-0.013325001258427666	-0.10985782678392308	0.07268102432917184	0.03177073011700567	-0.21783174464854338	0.12975317572728964	-0.033103409382945904	-0.013095368497850673	0.08974981046653367	-0.019967806708639135	0.07291656283745071	-0.141159951448317	0.20771820216473855	0.10014896161899091	-0.047389955384032914	-0.11597848137384596	-0.10090959447112677
WinPerc_Diff	0.2005469150925821	0.00732397799595124	-0.06630853804404091	-0.07221939987363563	-0.055248757212685864	0.0954786678432147	0.09374984051650863	0.060404471147074736	0.06635916730413487	0.013851413722953194	-0.015687297645891184	0.13331577187204266	-0.13107962729589695	0.04373292015707464	0.7311310551569576	-0.728817690859504	0.09572243872914306	0.2143557080267935	1.0	-0.07277947826207902	0.007248470848974148	-0.004543098306726685	-0.035851869225994086	-0.07525177041104794	-0.020079370852882618	-0.012072300172425087	-0.029334134164806763	0.048191961309056425	0.039545215736419746	0.001866963402140128	-0.004882469258347348	0.008635682185314422	-0.0027025291094416107	-0.0063510336547618305	-0.005775470077742399	0.0072739851088436565
field_type_n	-0.009516332737440318	0.0033361239996483605	-0.02078052338443284	-0.017489710438146764	-0.04479842843531621	-0.04003819842875386	-0.004297527240347673	-0.10955052385070757	-0.17531825246775048	-0.015279122646424363	-0.045182253410206895	0.004694008050559312	-0.004294270846368227	-0.1306594982254511	-0.08218986285425661	0.023959497779480844	-0.09367271945002498	-0.013325001258427666	-0.07277947826207902	1.0	-0.025821496139082967	-0.1390699510654028	-0.02203054648475921	0.38549723591446583	0.0061781923967260425	-0.05595997229150192	-0.012690812542340712	-0.07396782326261483	-0.045846164355644155	-0.008350314893047656	0.006282240201668118	-0.013419154469475024	0.011708996556174854	-0.023860674916308784	0.02847479401207816	-0.002832386363948873
game_type_n	-0.1131695936798228	0.0605226155979687	0.012776659560504739	-0.009708030279345178	-0.01676637643483654	-0.013955460115058807	0.008982929221377306	-0.033770872384657674	0.01631159833509462	-0.0006357150929239623	-0.008299952971088912	0.020864954888946956	-0.021844098353543406	-0.03532264246260601	-0.01836312902381895	-0.02903122081296132	0.03037222361644422	-0.10985782678392308	0.007248470848974148	-0.025821496139082967	1.0	-0.03197226600781741	0.03391287083489215	0.01794610724731629	0.06222781178625874	-0.02969672306157172	0.031009164562393804	-0.01828666532136395	0.03855856317880445	0.24102211818974015	0.12876253010374225	0.03157898535739163	-0.5953395570608843	0.028319931669669424	0.23719847144469391	-0.031249631265003776
sky_Cloudy	0.045356995928726274	-0.009154946147977154	0.010046548758159341	-0.004472781308273062	0.005332755672209559	0.05309947777902779	0.006226680155484351	0.16747554439043152	0.13207923082863574	0.0011480138171229269	0.02734617962522297	0.006241786914805959	-0.005219362393272044	-0.026173693517727865	-0.014742868759757104	-0.008151540861312909	0.0240588206905737	0.07268102432917184	-0.004543098306726685	-0.1390699510654028	-0.03197226600781741	1.0	-0.056324771344009275	-0.2689242186373019	-0.06511155388080152	-0.17486983930896144	-0.03244618171916497	-0.4538518284626609	-0.30270907195203145	-0.02120208901677915	-0.061309657881346166	0.00493460662870498	0.03311861778848047	0.04651311978552541	0.01186024466970667	-0.013612568693346072
sky_Drizzle	0.019009978526457933	-0.012652870282936395	-0.02322845648059187	0.03657858883816785	0.017812223928607623	-0.03735430811026797	-0.027873749700247547	-0.14720634359626592	0.03633449587080119	0.0065170755132476915	0.001487680415620735	-0.0314687129949834	0.03159367487227664	-0.016579076978055038	-0.00903016085782154	0.04337395717760895	0.06347103468426374	0.03177073011700567	-0.035851869225994086	-0.02203054648475921	0.03391287083489215	-0.056324771344009275	1.0	-0.032236125519481386	-0.007804965407376997	-0.02096176431449708	-0.003889345451394916	-0.054403521496518746	-0.03628593842822406	0.040244160198023314	-0.029584097158797874	-0.009208640701099757	0.013507498232528888	0.0016195914322871285	-0.007021219711685378	-0.013002511232419335
sky_In Dome	-0.2627464717879092	0.0283481661090432	0.02836645922044449	-0.003951787056007925	-0.018317095365165903	-0.031008464386348793	-0.035724456390360954	-0.0974551668568027	-0.590284429881503	-0.02743557627949795	-0.0068706395576849585	-0.03467821040376591	0.03526622367554516	-0.2499027626151209	-0.08941154082704703	0.020327632125937176	0.09760384207430957	-0.21783174464854338	-0.07525177041104794	0.38549723591446583	0.01794610724731629	-0.2689242186373019	-0.032236125519481386	1.0	-0.0372650287535218	-0.10008253837563189	-0.018569790192999643	-0.25975115673726423	-0.17324824240710035	-0.005301173178868366	0.02378593252310569	-0.006586301284450964	0.00033268924571515786	-0.0272106220306758	-0.001319302517971098	0.0143045342771517
sky_Night	0.13949255279621245	-0.027800631349543897	-0.026852144440437445	-0.016226827689289413	0.02710206140620877	-0.02978632572675479	-0.02795828142365803	-0.07807283101379546	0.015320723037280312	-0.03071824188498549	0.07951268675486152	-0.004677158348312921	0.004819249876610881	0.021590187976227724	0.08583123901121788	0.11551010087260544	-0.006463830915561279	0.12975317572728964	-0.020079370852882618	0.0061781923967260425	0.06222781178625874	-0.06511155388080152	-0.007804965407376997	-0.0372650287535218	1.0	-0.024231843539392235	-0.0044960915042665545	-0.06289058502503225	-0.041946620975250606	-0.01896679756424213	-0.009364088134110323	0.004082492131145021	-0.04171751283565459	0.0448955553601925	0.029809649626379293	-0.001003455706658929
sky_Overcast	-0.04976289262701552	-0.009942602413149084	0.00684170310450285	0.030009424983348687	0.02160697044491589	-0.012948875801543028	-0.002524950898833388	-0.14210078806548967	0.08362905845393279	0.019385290968683484	-0.03138830031524685	-0.006331775420673081	0.0004828106772813229	-0.0570803717409221	-0.02139845521290854	-0.00381904601051589	0.006295570485519787	-0.033103409382945904	-0.012072300172425087	-0.05595997229150192	-0.02969672306157172	-0.17486983930896144	-0.02096176431449708	-0.10008253837563189	-0.024231843539392235	1.0	-0.012075134933944767	-0.1689049921540435	-0.11265587184302812	-0.015190292604077987	-0.00400038610389652	0.07463682690596751	-0.027541047344742997	0.014046639961366847	-0.022792310442235928	-0.016477976563865522
sky_Rain	-0.02120513768047595	0.02553509330556693	0.026962162336929968	0.03440038170983231	-0.03516339471912344	0.00518233175925168	0.007740256416792659	-0.07300970987944046	0.013332904199852781	0.029560685815476957	0.041612914072270656	-0.018127718159163045	0.018199703107914314	-0.018919160432740556	-0.041357528176706695	0.0013966974448036045	0.03821189633983422	-0.013095368497850673	-0.029334134164806763	-0.012690812542340712	0.031009164562393804	-0.03244618171916497	-0.003889345451394916	-0.018569790192999643	-0.0044960915042665545	-0.012075134933944767	1.0	-0.031339435607425435	-0.020902706287112854	0.11020775375559182	-0.0170420752629279	-0.01998280708842246	-0.020788537850213302	-0.016218414344336164	-0.019164018758595792	-0.021470417911590885
sky_Sunny	0.15223419185158574	0.007609776092132937	-0.04904263307297806	-0.045839778654180374	-0.02247714184162499	-0.002926558495714651	0.031359463471867036	0.07532584999685377	0.15754435808323214	-0.010631814865887733	-0.01587029411717033	0.06302432819663914	-0.062041030272533416	0.203954383876968	0.056120106055132034	-0.014162049513819974	-0.14803174172558614	0.08974981046653367	0.048191961309056425	-0.07396782326261483	-0.01828666532136395	-0.4538518284626609	-0.054403521496518746	-0.25975115673726423	-0.06289058502503225	-0.1689049921540435	-0.031339435607425435	1.0	-0.2923836015693751	0.001353953768449942	0.020649203534229565	0.0005958828818832307	0.0038038520404485147	-0.010412869015565217	0.011162794894473357	-0.02492417939538432
sky_Unknown	-0.009839816099014354	-0.010949423957164015	0.026402937658183818	0.03858747377059789	0.017771929642850823	-0.011267421667149382	-0.00012674878553123385	-0.061681284131417526	0.11232201126806426	0.02707955131388113	-0.013978151138561727	-0.03991456388873704	0.04057651468026512	0.04647411820959148	0.03024639260319549	-0.027482765605923352	0.042896798461871555	-0.019967806708639135	0.039545215736419746	-0.045846164355644155	0.03855856317880445	-0.30270907195203145	-0.03628593842822406	-0.17324824240710035	-0.041946620975250606	-0.11265587184302812	-0.020902706287112854	-0.2923836015693751	1.0	0.02165141384729747	0.043456644321707094	-0.04573866627737655	-0.01868755912961136	-0.03951949407433156	-0.016479235152563075	0.05161620676751298
DofWeek_Friday	0.0626871231721038	0.08805426105749768	-0.011848945703522209	0.003991502799686075	0.00548678079938082	-0.016187522953457545	0.004480429595889989	-0.04322777291171724	0.02244622703330443	0.005902101673313528	0.0182774329349575	0.005599071407427704	-0.004958583686434037	-0.007777240700112082	-0.004336347276715828	-0.007082665891577675	0.010159118558565139	0.07291656283745071	0.001866963402140128	-0.008350314893047656	0.24102211818974015	-0.02120208901677915	0.040244160198023314	-0.005301173178868366	-0.01896679756424213	-0.015190292604077987	0.11020775375559182	0.001353953768449942	0.02165141384729747	1.0	-0.15463590067102453	-0.1813194299625811	-0.18863044696759249	-0.1471621895161921	-0.17388993156592056	-0.19481767098895728
DofWeek_Monday	-0.12150481830343304	-0.07132977600671069	0.025305487349782507	0.007127257579691666	-0.004965380053509332	-0.02690893437353253	-0.02273031234882054	-0.06670973560773295	-0.023871588157968915	-0.010668284770485249	0.028418594555663274	-0.00836534639522422	0.00890323454812762	0.02393263168795989	-0.0031492995151960984	0.003980377950585329	0.01746740488256734	-0.141159951448317	-0.004882469258347348	0.006282240201668118	0.12876253010374225	-0.061309657881346166	-0.029584097158797874	0.02378593252310569	-0.009364088134110323	-0.00400038610389652	-0.0170420752629279	0.020649203534229565	0.043456644321707094	-0.15463590067102453	1.0	-0.15199814822243699	-0.15812689596124155	-0.12336449711670815	-0.14577007879410384	-0.16331358000320978
DofWeek_Saturday	0.18954737637051894	-0.00847620806797199	-0.004327809328543673	-0.0023937790905801796	0.009690268736896955	0.028831546351765158	0.010559364040908494	-0.018728081003844033	0.05568193628973186	0.005601684769293182	0.021094145541911576	0.03126666848371996	-0.030639027847579683	0.004048780782205871	0.009579308015709583	-0.003016519193454126	-0.005334969401374631	0.20771820216473855	0.008635682185314422	-0.013419154469475024	0.03157898535739163	0.00493460662870498	-0.009208640701099757	-0.006586301284450964	0.004082492131145021	0.07463682690596751	-0.01998280708842246	0.0005958828818832307	-0.04573866627737655	-0.1813194299625811	-0.15199814822243699	1.0	-0.18541282142780677	-0.14465192233987437	-0.1709237471884158	-0.19149450485192934
DofWeek_Sunday	0.09011934952426395	0.022194572977776786	-0.034838729982434695	-0.021062267236406113	0.0358281130154096	-0.01598325272923424	-0.03153308038319139	0.019947796081552796	-0.04239058315594751	-0.03658953273467766	-0.012482132952000504	-0.01959936043505212	0.02025619660241665	0.0020221219204095025	-0.009965529875126358	-0.006048910781828483	-0.01616335583767779	0.10014896161899091	-0.0027025291094416107	0.011708996556174854	-0.5953395570608843	0.03311861778848047	0.013507498232528888	0.00033268924571515786	-0.04171751283565459	-0.027541047344742997	-0.020788537850213302	0.0038038520404485147	-0.01868755912961136	-0.18863044696759249	-0.15812689596124155	-0.18541282142780677	1.0	-0.1504844614353946	-0.17781559778883263	-0.19921579308688353
DofWeek_Thursday	-0.054205797314453165	-0.03051800643910603	0.039145551958131235	0.041930585047213635	-0.014674427949367505	-0.015462639228380402	0.004979809147020757	0.02971080333772635	-0.001781443568622511	0.03295725100186635	-0.037385942618537955	-0.01930457824441999	0.014950922838625764	-0.04000917372420635	-0.014074919056475513	-0.004836892084913787	0.008780963180514556	-0.047389955384032914	-0.0063510336547618305	-0.023860674916308784	0.028319931669669424	0.04651311978552541	0.0016195914322871285	-0.0272106220306758	0.0448955553601925	0.014046639961366847	-0.016218414344336164	-0.010412869015565217	-0.03951949407433156	-0.1471621895161921	-0.12336449711670815	-0.14465192233987437	-0.1504844614353946	1.0	-0.13872486187360536	-0.15542046773556253
DofWeek_Tuesday	-0.1014989300557139	-0.0008448107228510942	0.013351997258084227	0.0024313593780890034	-0.052318708161626835	-0.02668274820970391	0.00043387604733175183	0.029711450585401523	-1.6800901980793066e-05	0.0020111845933563806	-0.011045942320909477	-0.02637009679205087	0.02697622383331966	0.002392135228928299	0.004430293094669477	0.012893520432319257	-0.012354365215670505	-0.11597848137384596	-0.005775470077742399	0.02847479401207816	0.23719847144469391	0.01186024466970667	-0.007021219711685378	-0.001319302517971098	0.029809649626379293	-0.022792310442235928	-0.019164018758595792	0.011162794894473357	-0.016479235152563075	-0.17388993156592056	-0.14577007879410384	-0.1709237471884158	-0.17781559778883263	-0.13872486187360536	1.0	-0.18364808642308456
DofWeek_Wednesday	-0.0883829321516214	-0.012432225166894384	-0.016054587576265537	-0.023418762202417013	0.014962501377400819	0.06385882064425416	0.03128250022887593	0.04480983330356996	-0.011490763282749587	0.0051003045790101505	-0.008882329842665548	0.031210586216487108	-0.03053604335448023	0.011784435471868778	0.014853211532498968	0.004268097552380179	0.0005750297642575359	-0.10090959447112677	0.0072739851088436565	-0.002832386363948873	-0.031249631265003776	-0.013612568693346072	-0.013002511232419335	0.0143045342771517	-0.001003455706658929	-0.016477976563865522	-0.021470417911590885	-0.02492417939538432	0.05161620676751298	-0.19481767098895728	-0.16331358000320978	-0.19149450485192934	-0.19921579308688353	-0.15542046773556253	-0.18364808642308456	1.0
